Matrix_1,Matrix_2,Matrix_3,Matrix_4,Matrix_5,Matrix_6,Matrix_7,Matrix_8,Matrix_9,Matrix_10,Matrix_11,Matrix_12,Matrix_13,Matrix_14
1,0,0,1,1,2,12,1,0,1,1,0,0,379
2,2.26666666666667,0,2,2,13,12,2,0,0,2,0,0,3
3,4.53333333333333,0,3,2,3,13,3,0,0,3,0,0,672
4,6.8,0,4,3,14,13,4,0,0,4,0,0,4
5,17.9714285714286,0,5,3,4,14,5,0,0,5,0,0,379
6,29.1428571428571,0,6,4,15,14,6,0,0,6,0,0,3
7,40.3142857142857,0,7,4,5,15,7,0,0,7,0,0,379
8,51.4857142857143,0,8,5,16,15,8,0,0,8,0,0,3
9,62.6571428571429,0,9,5,6,16,9,0,0,9,0,0,0
10,73.8285714285714,0,10,6,17,16,10,0,0,10,0,0,0
11,85,0,11,6,7,17,11,0,0,11,47.7142857142857,0,0
12,0,3.8,12,7,18,17,12,0,0,12,0,0,0
13,2.26666666666667,3.85555693103457,13,7,8,18,13,0,0,13,0,0,0
14,4.53333333333333,4.04736846442864,14,8,19,18,14,0,0,14,0,0,0
15,6.8,4.77142857142857,15,8,9,19,15,0,0,15,0,0,0
16,17.9714285714286,4.77142857142857,16,9,20,19,16,0,0,16,0,0,0
17,29.1428571428571,4.77142857142857,17,9,10,20,17,0,0,17,0,0,0
18,40.3142857142857,4.77142857142857,18,10,21,20,18,0,0,18,0,0,0
19,51.4857142857143,4.77142857142857,19,10,11,21,19,0,0,19,0,0,0
20,62.6571428571429,4.77142857142857,20,11,22,21,20,0,0,20,0,0,0
21,73.8285714285714,4.77142857142857,21,12,13,23,21,0,0,21,0,0,0
22,85,4.77142857142857,22,13,24,23,22,0,0,22,47.7142857142857,0,0
23,0,7.6,23,13,14,24,23,0,0,23,0,0,0
24,2.26666666666667,7.71111386206914,24,14,25,24,24,0,0,24,0,0,0
25,4.53333333333333,8.09473692885728,25,14,15,25,25,0,0,25,0,0,0
26,6.8,9.54285714285714,26,15,26,25,26,0,0,26,0,0,0
27,17.9714285714286,9.54285714285714,27,15,16,26,27,0,0,27,0,0,0
28,29.1428571428571,9.54285714285714,28,16,27,26,28,0,0,28,0,0,0
29,40.3142857142857,9.54285714285714,29,16,17,27,29,0,0,29,0,0,0
30,51.4857142857143,9.54285714285714,30,17,28,27,30,0,0,30,0,0,0
31,62.6571428571429,9.54285714285714,31,17,18,28,31,0,0,31,0,0,0
32,73.8285714285714,9.54285714285714,32,18,29,28,32,0,0,32,0,0,0
33,85,9.54285714285714,33,18,19,29,33,0,0,33,47.7142857142857,0,0
34,0,11.4,34,19,30,29,34,0,0,34,0,0,0
35,2.26666666666667,11.5666707931037,35,19,20,30,35,0,0,35,0,0,0
36,4.53333333333333,12.1421053932859,36,20,31,30,36,0,0,36,0,0,0
37,6.8,14.3142857142857,37,20,21,31,37,0,0,37,0,0,0
38,17.9714285714286,14.3142857142857,38,21,32,31,38,0,0,38,0,0,0
39,29.1428571428571,14.3142857142857,39,21,22,32,39,0,0,39,0,0,0
40,40.3142857142857,14.3142857142857,40,22,33,32,40,0,0,40,0,0,0
41,51.4857142857143,14.3142857142857,41,23,24,34,41,0,0,41,0,0,0
42,62.6571428571429,14.3142857142857,42,24,35,34,42,0,0,42,0,0,0
43,73.8285714285714,14.3142857142857,43,24,25,35,43,0,0,43,0,0,0
44,85,14.3142857142857,44,25,36,35,44,0,0,44,47.7142857142857,0,0
45,0,15.2,45,25,26,36,45,0,0,45,0,0,0
46,2.26666666666667,15.4222277241383,46,26,37,36,46,0,0,46,0,0,0
47,4.53333333333333,16.1894738577146,47,26,27,37,47,0,0,47,0,0,0
48,6.8,19.0857142857143,48,27,38,37,48,0,0,48,0,0,0
49,17.9714285714286,19.0857142857143,49,27,28,38,49,0,0,49,0,0,0
50,29.1428571428571,19.0857142857143,50,28,39,38,50,0,0,50,0,0,0
51,40.3142857142857,19.0857142857143,51,28,29,39,51,0,0,51,0,0,0
52,51.4857142857143,19.0857142857143,52,29,40,39,52,0,0,52,0,0,0
53,62.6571428571429,19.0857142857143,53,29,30,40,53,0,0,53,0,0,0
54,73.8285714285714,19.0857142857143,54,30,41,40,54,0,0,54,0,0,0
55,85,19.0857142857143,55,30,31,41,55,0,0,55,47.7142857142857,0,0
56,0,19,56,31,42,41,56,0,0,56,0,0,0
57,2.26666666666667,19.2777846551728,57,31,32,42,57,0,0,57,0,0,0
58,4.53333333333333,20.2368423221432,58,32,43,42,58,0,0,58,0,0,0
59,6.8,23.8571428571429,59,32,33,43,59,0,0,59,0,0,0
60,17.9714285714286,23.8571428571429,60,33,44,43,60,0,0,60,0,0,0
61,29.1428571428571,23.8571428571429,61,34,35,45,61,0,0,61,0,0,0
62,40.3142857142857,23.8571428571429,62,35,46,45,62,0,0,62,0,0,0
63,51.4857142857143,23.8571428571429,63,35,36,46,63,0,0,63,0,0,0
64,62.6571428571429,23.8571428571429,64,36,47,46,64,0,0,64,0,0,0
65,73.8285714285714,23.8571428571429,65,36,37,47,65,0,0,65,0,0,0
66,85,23.8571428571429,66,37,48,47,66,0,0,66,47.7142857142857,0,0
67,0,22.8,67,37,38,48,67,0,0,67,0,0,0
68,2.26666666666667,23.1333415862074,68,38,49,48,68,0,0,68,0,0,0
69,4.53333333333333,24.2842107865718,69,38,39,49,69,0,0,69,0,0,0
70,6.8,28.6285714285714,70,39,50,49,70,0,0,70,0,0,0
71,17.9714285714286,28.6285714285714,71,39,40,50,71,0,0,71,0,0,0
72,29.1428571428571,28.6285714285714,72,40,51,50,72,0,0,72,0,0,0
73,40.3142857142857,28.6285714285714,73,40,41,51,73,0,0,73,0,0,0
74,51.4857142857143,28.6285714285714,74,41,52,51,74,0,0,74,0,0,0
75,62.6571428571429,28.6285714285714,75,41,42,52,75,0,0,75,0,0,0
76,73.8285714285714,28.6285714285714,76,42,53,52,76,0,0,76,0,0,0
77,85,28.6285714285714,77,42,43,53,77,0,0,77,47.7142857142857,0,0
78,0,26.6,78,43,54,53,78,0,0,78,0,0,0
79,2.26666666666667,26.988898517242,79,43,44,54,79,0,0,79,0,0,0
80,4.53333333333333,28.3315792510005,80,44,55,54,80,0,0,80,0,0,0
81,6.8,33.4,81,45,46,56,81,0,0,81,0,0,0
82,17.9714285714286,33.4,82,46,57,56,82,0,0,82,0,0,0
83,29.1428571428571,33.4,83,46,47,57,83,0,0,83,0,0,0
84,40.3142857142857,33.4,84,47,58,57,84,0,0,84,0,0,0
85,51.4857142857143,33.4,85,47,48,58,85,0,0,85,0,0,0
86,62.6571428571429,33.4,86,48,59,58,86,0,0,86,0,0,0
87,73.8285714285714,33.4,87,48,49,59,87,0,0,87,0,0,0
88,85,33.4,88,49,60,59,88,0,0,88,65.3571428571429,0,0
89,6.8,41.7,89,49,50,60,89,0,0,89,0,0,0
90,17.9714285714286,41.7,90,50,61,60,90,0,0,90,0,0,0
91,29.1428571428571,41.7,91,50,51,61,91,0,0,91,0,0,0
92,40.3142857142857,41.7,92,51,62,61,92,0,0,92,0,0,0
93,51.4857142857143,41.7,93,51,52,62,93,0,0,93,0,0,0
94,62.6571428571429,41.7,94,52,63,62,94,0,0,94,0,0,0
95,73.8285714285714,41.7,95,52,53,63,95,0,0,95,0,0,0
96,85,41.7,96,53,64,63,96,0,0,96,83,0,0
97,6.8,50,97,53,54,64,97,0,0,97,0,0,0
98,17.9714285714286,50,98,54,65,64,98,0,0,98,0,0,0
99,29.1428571428571,50,99,54,55,65,99,0,0,99,0,0,0
100,40.3142857142857,50,100,55,66,65,100,0,0,100,0,0,0
101,51.4857142857143,50,101,56,57,67,101,0,0,101,0,0,0
102,62.6571428571429,50,102,57,68,67,102,0,0,102,0,0,0
103,73.8285714285714,50,103,57,58,68,103,0,0,103,0,0,0
104,85,50,104,58,69,68,104,0,0,104,41.5,0,0
105,-2.26666666666667,0,105,58,59,69,105,0,0,105,0,0,0
106,-4.53333333333333,0,106,59,70,69,106,0,0,106,0,0,0
107,-6.8,0,107,59,60,70,107,0,0,107,0,0,0
108,-17.9714285714286,0,108,60,71,70,108,0,0,108,0,0,0
109,-29.1428571428571,0,109,60,61,71,109,0,0,109,0,0,0
110,-40.3142857142857,0,110,61,72,71,110,0,0,110,0,0,0
111,-51.4857142857143,0,111,61,62,72,111,0,0,111,0,0,0
112,-62.6571428571429,0,112,62,73,72,112,0,0,112,0,0,0
113,-73.8285714285714,0,113,62,63,73,113,0,0,113,0,0,0
114,-85,0,114,63,74,73,114,1,0,114,0,0,0
115,-2.26666666666667,3.85555693103457,115,63,64,74,115,0,0,115,0,0,0
116,-4.53333333333333,4.04736846442864,116,64,75,74,116,0,0,116,0,0,0
117,-6.8,4.77142857142857,117,64,65,75,117,0,0,117,0,0,0
118,-17.9714285714286,4.77142857142857,118,65,76,75,118,0,0,118,0,0,0
119,-29.1428571428571,4.77142857142857,119,65,66,76,119,0,0,119,0,0,0
120,-40.3142857142857,4.77142857142857,120,66,77,76,120,0,0,120,0,0,0
121,-51.4857142857143,4.77142857142857,121,67,68,78,121,0,0,121,0,0,0
122,-62.6571428571429,4.77142857142857,122,68,79,78,122,0,0,122,0,0,0
123,-73.8285714285714,4.77142857142857,123,68,69,79,123,0,0,123,0,0,0
124,-85,4.77142857142857,124,69,80,79,124,1,0,124,0,0,0
125,-2.26666666666667,7.71111386206914,125,69,70,80,125,0,0,125,0,0,0
126,-4.53333333333333,8.09473692885728,126,70,81,80,126,0,0,126,0,0,0
127,-6.8,9.54285714285714,127,70,71,81,127,0,0,127,0,0,0
128,-17.9714285714286,9.54285714285714,128,71,82,81,128,0,0,128,0,0,0
129,-29.1428571428571,9.54285714285714,129,71,72,82,129,0,0,129,0,0,0
130,-40.3142857142857,9.54285714285714,130,72,83,82,130,0,0,130,0,0,0
131,-51.4857142857143,9.54285714285714,131,72,73,83,131,0,0,131,0,0,0
132,-62.6571428571429,9.54285714285714,132,73,84,83,132,0,0,132,0,0,0
133,-73.8285714285714,9.54285714285714,133,73,74,84,133,0,0,133,0,0,0
134,-85,9.54285714285714,134,74,85,84,134,1,0,134,0,0,0
135,-2.26666666666667,11.5666707931037,135,74,75,85,135,0,0,135,0,0,0
136,-4.53333333333333,12.1421053932859,136,75,86,85,136,0,0,136,0,0,0
137,-6.8,14.3142857142857,137,75,76,86,137,0,0,137,0,0,0
138,-17.9714285714286,14.3142857142857,138,76,87,86,138,0,0,138,0,0,0
139,-29.1428571428571,14.3142857142857,139,76,77,87,139,0,0,139,0,0,0
140,-40.3142857142857,14.3142857142857,140,77,88,87,140,0,0,140,0,0,0
141,-51.4857142857143,14.3142857142857,141,81,82,89,141,0,0,141,0,0,0
142,-62.6571428571429,14.3142857142857,142,82,90,89,142,0,0,142,0,0,0
143,-73.8285714285714,14.3142857142857,143,82,83,90,143,0,0,143,0,0,0
144,-85,14.3142857142857,144,83,91,90,144,1,0,144,0,0,0
145,-2.26666666666667,15.4222277241383,145,83,84,91,145,0,0,145,0,0,0
146,-4.53333333333333,16.1894738577146,146,84,92,91,146,0,0,146,0,0,0
147,-6.8,19.0857142857143,147,84,85,92,147,0,0,147,0,0,0
148,-17.9714285714286,19.0857142857143,148,85,93,92,148,0,0,148,0,0,0
149,-29.1428571428571,19.0857142857143,149,85,86,93,149,0,0,149,0,0,0
150,-40.3142857142857,19.0857142857143,150,86,94,93,150,0,0,150,0,0,0
151,-51.4857142857143,19.0857142857143,151,86,87,94,151,0,0,151,0,0,0
152,-62.6571428571429,19.0857142857143,152,87,95,94,152,0,0,152,0,0,0
153,-73.8285714285714,19.0857142857143,153,87,88,95,153,0,0,153,0,0,0
154,-85,19.0857142857143,154,88,96,95,154,1,0,154,0,0,0
155,-2.26666666666667,19.2777846551728,155,89,90,97,155,0,0,155,0,0,0
156,-4.53333333333333,20.2368423221432,156,90,98,97,156,0,0,156,0,0,0
157,-6.8,23.8571428571429,157,90,91,98,157,0,0,157,0,0,0
158,-17.9714285714286,23.8571428571429,158,91,99,98,158,0,0,158,0,0,0
159,-29.1428571428571,23.8571428571429,159,91,92,99,159,0,0,159,0,0,0
160,-40.3142857142857,23.8571428571429,160,92,100,99,160,0,0,160,0,0,0
161,-51.4857142857143,23.8571428571429,161,92,93,100,161,0,0,161,0,0,0
162,-62.6571428571429,23.8571428571429,162,93,101,100,162,0,0,162,0,0,0
163,-73.8285714285714,23.8571428571429,163,93,94,101,163,0,0,163,0,0,0
164,-85,23.8571428571429,164,94,102,101,164,1,0,164,0,0,0
165,-2.26666666666667,23.1333415862074,165,94,95,102,165,0,0,165,0,0,0
166,-4.53333333333333,24.2842107865718,166,95,103,102,166,0,0,166,0,0,0
167,-6.8,28.6285714285714,167,95,96,103,167,0,0,167,0,0,0
168,-17.9714285714286,28.6285714285714,168,96,104,103,168,0,0,168,0,0,0
169,-29.1428571428571,28.6285714285714,169,12,1,105,169,0,0,169,0,0,0
170,-40.3142857142857,28.6285714285714,170,12,105,115,170,0,0,170,0,0,0
171,-51.4857142857143,28.6285714285714,171,115,105,106,171,0,0,171,0,0,0
172,-62.6571428571429,28.6285714285714,172,115,106,116,172,0,0,172,0,0,0
173,-73.8285714285714,28.6285714285714,173,116,106,107,173,0,0,173,0,0,0
174,-85,28.6285714285714,174,116,107,117,174,1,0,174,0,0,0
175,-2.26666666666667,26.988898517242,175,117,107,108,175,0,0,175,0,0,0
176,-4.53333333333333,28.3315792510005,176,117,108,118,176,0,0,176,0,0,0
177,-6.8,33.4,177,118,108,109,177,0,0,177,0,0,0
178,-17.9714285714286,33.4,178,118,109,119,178,0,0,178,0,0,0
179,-29.1428571428571,33.4,179,119,109,110,179,0,0,179,0,0,0
180,-40.3142857142857,33.4,180,119,110,120,180,0,0,180,0,0,0
181,-51.4857142857143,33.4,181,120,110,111,181,0,0,181,0,0,0
182,-62.6571428571429,33.4,182,120,111,121,182,0,0,182,0,0,0
183,-73.8285714285714,33.4,183,121,111,112,183,0,0,183,0,0,0
184,-85,33.4,184,121,112,122,184,1,0,184,0,0,0
185,-6.8,41.7,185,122,112,113,185,0,0,185,0,0,0
186,-17.9714285714286,41.7,186,122,113,123,186,0,0,186,0,0,0
187,-29.1428571428571,41.7,187,123,113,114,187,0,0,187,0,0,0
188,-40.3142857142857,41.7,188,123,114,124,188,0,0,188,0,0,0
189,-51.4857142857143,41.7,189,23,12,115,189,0,0,189,0,0,0
190,-62.6571428571429,41.7,190,23,115,125,190,0,0,190,0,0,0
191,-73.8285714285714,41.7,191,125,115,116,191,0,0,191,0,0,0
192,-85,41.7,192,125,116,126,192,1,0,192,0,0,0
193,-6.8,50,193,126,116,117,193,0,0,193,0,0,0
194,-17.9714285714286,50,194,126,117,127,194,0,0,194,0,0,0
195,-29.1428571428571,50,195,127,117,118,195,0,0,195,0,0,0
196,-40.3142857142857,50,196,127,118,128,196,0,0,196,0,0,0
197,-51.4857142857143,50,197,128,118,119,197,0,0,197,0,0,0
198,-62.6571428571429,50,198,128,119,129,198,0,0,198,0,0,0
199,-73.8285714285714,50,199,129,119,120,199,0,0,199,0,0,0
200,-85,50,200,129,120,130,200,1,0,200,0,0,0
201,0,-3.8,201,130,120,121,201,0,0,201,0,0,0
202,2.26666666666667,-3.85555693103457,202,130,121,131,202,0,0,202,0,0,0
203,4.53333333333333,-4.04736846442864,203,131,121,122,203,0,0,203,0,0,0
204,6.8,-4.77142857142857,204,131,122,132,204,0,0,204,0,0,0
205,17.9714285714286,-4.77142857142857,205,132,122,123,205,0,0,205,0,0,0
206,29.1428571428571,-4.77142857142857,206,132,123,133,206,0,0,206,0,0,0
207,40.3142857142857,-4.77142857142857,207,133,123,124,207,0,0,207,0,0,0
208,51.4857142857143,-4.77142857142857,208,133,124,134,208,0,0,208,0,0,0
209,62.6571428571429,-4.77142857142857,209,34,23,125,209,0,0,209,0,0,0
210,73.8285714285714,-4.77142857142857,210,34,125,135,210,0,0,210,0,0,0
211,85,-4.77142857142857,211,135,125,126,211,0,0,211,47.7142857142857,0,0
212,0,-7.6,212,135,126,136,212,0,0,212,0,0,0
213,2.26666666666667,-7.71111386206914,213,136,126,127,213,0,0,213,0,0,0
214,4.53333333333333,-8.09473692885728,214,136,127,137,214,0,0,214,0,0,0
215,6.8,-9.54285714285714,215,137,127,128,215,0,0,215,0,0,0
216,17.9714285714286,-9.54285714285714,216,137,128,138,216,0,0,216,0,0,0
217,29.1428571428571,-9.54285714285714,217,138,128,129,217,0,0,217,0,0,0
218,40.3142857142857,-9.54285714285714,218,138,129,139,218,0,0,218,0,0,0
219,51.4857142857143,-9.54285714285714,219,139,129,130,219,0,0,219,0,0,0
220,62.6571428571429,-9.54285714285714,220,139,130,140,220,0,0,220,0,0,0
221,73.8285714285714,-9.54285714285714,221,140,130,131,221,0,0,221,0,0,0
222,85,-9.54285714285714,222,140,131,141,222,0,0,222,47.7142857142857,0,0
223,0,-11.4,223,141,131,132,223,0,0,223,0,0,0
224,2.26666666666667,-11.5666707931037,224,141,132,142,224,0,0,224,0,0,0
225,4.53333333333333,-12.1421053932859,225,142,132,133,225,0,0,225,0,0,0
226,6.8,-14.3142857142857,226,142,133,143,226,0,0,226,0,0,0
227,17.9714285714286,-14.3142857142857,227,143,133,134,227,0,0,227,0,0,0
228,29.1428571428571,-14.3142857142857,228,143,134,144,228,0,0,228,0,0,0
229,40.3142857142857,-14.3142857142857,229,45,34,135,229,0,0,229,0,0,0
230,51.4857142857143,-14.3142857142857,230,45,135,145,230,0,0,230,0,0,0
231,62.6571428571429,-14.3142857142857,231,145,135,136,231,0,0,231,0,0,0
232,73.8285714285714,-14.3142857142857,232,145,136,146,232,0,0,232,0,0,0
233,85,-14.3142857142857,233,146,136,137,233,0,0,233,47.7142857142857,0,0
234,0,-15.2,234,146,137,147,234,0,0,234,0,0,0
235,2.26666666666667,-15.4222277241383,235,147,137,138,235,0,0,235,0,0,0
236,4.53333333333333,-16.1894738577146,236,147,138,148,236,0,0,236,0,0,0
237,6.8,-19.0857142857143,237,148,138,139,237,0,0,237,0,0,0
238,17.9714285714286,-19.0857142857143,238,148,139,149,238,0,0,238,0,0,0
239,29.1428571428571,-19.0857142857143,239,149,139,140,239,0,0,239,0,0,0
240,40.3142857142857,-19.0857142857143,240,149,140,150,240,0,0,240,0,0,0
241,51.4857142857143,-19.0857142857143,241,150,140,141,241,0,0,241,0,0,0
242,62.6571428571429,-19.0857142857143,242,150,141,151,242,0,0,242,0,0,0
243,73.8285714285714,-19.0857142857143,243,151,141,142,243,0,0,243,0,0,0
244,85,-19.0857142857143,244,151,142,152,244,0,0,244,47.7142857142857,0,0
245,0,-19,245,152,142,143,245,0,0,245,0,0,0
246,2.26666666666667,-19.2777846551728,246,152,143,153,246,0,0,246,0,0,0
247,4.53333333333333,-20.2368423221432,247,153,143,144,247,0,0,247,0,0,0
248,6.8,-23.8571428571429,248,153,144,154,248,0,0,248,0,0,0
249,17.9714285714286,-23.8571428571429,249,56,45,145,249,0,0,249,0,0,0
250,29.1428571428571,-23.8571428571429,250,56,145,155,250,0,0,250,0,0,0
251,40.3142857142857,-23.8571428571429,251,155,145,146,251,0,0,251,0,0,0
252,51.4857142857143,-23.8571428571429,252,155,146,156,252,0,0,252,0,0,0
253,62.6571428571429,-23.8571428571429,253,156,146,147,253,0,0,253,0,0,0
254,73.8285714285714,-23.8571428571429,254,156,147,157,254,0,0,254,0,0,0
255,85,-23.8571428571429,255,157,147,148,255,0,0,255,47.7142857142857,0,0
256,0,-22.8,256,157,148,158,256,0,0,256,0,0,0
257,2.26666666666667,-23.1333415862074,257,158,148,149,257,0,0,257,0,0,0
258,4.53333333333333,-24.2842107865718,258,158,149,159,258,0,0,258,0,0,0
259,6.8,-28.6285714285714,259,159,149,150,259,0,0,259,0,0,0
260,17.9714285714286,-28.6285714285714,260,159,150,160,260,0,0,260,0,0,0
261,29.1428571428571,-28.6285714285714,261,160,150,151,261,0,0,261,0,0,0
262,40.3142857142857,-28.6285714285714,262,160,151,161,262,0,0,262,0,0,0
263,51.4857142857143,-28.6285714285714,263,161,151,152,263,0,0,263,0,0,0
264,62.6571428571429,-28.6285714285714,264,161,152,162,264,0,0,264,0,0,0
265,73.8285714285714,-28.6285714285714,265,162,152,153,265,0,0,265,0,0,0
266,85,-28.6285714285714,266,162,153,163,266,0,0,266,47.7142857142857,0,0
267,0,-26.6,267,163,153,154,267,0,0,267,0,0,0
268,2.26666666666667,-26.988898517242,268,163,154,164,268,0,0,268,0,0,0
269,4.53333333333333,-28.3315792510005,269,67,56,155,269,0,0,269,0,0,0
270,6.8,-33.4,270,67,155,165,270,0,0,270,0,0,0
271,17.9714285714286,-33.4,271,165,155,156,271,0,0,271,0,0,0
272,29.1428571428571,-33.4,272,165,156,166,272,0,0,272,0,0,0
273,40.3142857142857,-33.4,273,166,156,157,273,0,0,273,0,0,0
274,51.4857142857143,-33.4,274,166,157,167,274,0,0,274,0,0,0
275,62.6571428571429,-33.4,275,167,157,158,275,0,0,275,0,0,0
276,73.8285714285714,-33.4,276,167,158,168,276,0,0,276,0,0,0
277,85,-33.4,277,168,158,159,277,0,0,277,65.3571428571429,0,0
278,6.8,-41.7,278,168,159,169,278,0,0,278,0,0,0
279,17.9714285714286,-41.7,279,169,159,160,279,0,0,279,0,0,0
280,29.1428571428571,-41.7,280,169,160,170,280,0,0,280,0,0,0
281,40.3142857142857,-41.7,281,170,160,161,281,0,0,281,0,0,0
282,51.4857142857143,-41.7,282,170,161,171,282,0,0,282,0,0,0
283,62.6571428571429,-41.7,283,171,161,162,283,0,0,283,0,0,0
284,73.8285714285714,-41.7,284,171,162,172,284,0,0,284,0,0,0
285,85,-41.7,285,172,162,163,285,0,0,285,83,0,0
286,6.8,-50,286,172,163,173,286,0,0,286,0,0,0
287,17.9714285714286,-50,287,173,163,164,287,0,0,287,0,0,0
288,29.1428571428571,-50,288,173,164,174,288,0,0,288,0,0,0
289,40.3142857142857,-50,289,78,67,165,289,0,0,289,0,0,0
290,51.4857142857143,-50,290,78,165,175,290,0,0,290,0,0,0
291,62.6571428571429,-50,291,175,165,166,291,0,0,291,0,0,0
292,73.8285714285714,-50,292,175,166,176,292,0,0,292,0,0,0
293,85,-50,293,176,166,167,293,0,0,293,41.5,0,0
294,-2.26666666666667,-3.85555693103457,294,176,167,177,294,0,0,294,0,0,0
295,-4.53333333333333,-4.04736846442864,295,177,167,168,295,0,0,295,0,0,0
296,-6.8,-4.77142857142857,296,177,168,178,296,0,0,296,0,0,0
297,-17.9714285714286,-4.77142857142857,297,178,168,169,297,0,0,297,0,0,0
298,-29.1428571428571,-4.77142857142857,298,178,169,179,298,0,0,298,0,0,0
299,-40.3142857142857,-4.77142857142857,299,179,169,170,299,0,0,299,0,0,0
300,-51.4857142857143,-4.77142857142857,300,179,170,180,300,0,0,300,0,0,0
301,-62.6571428571429,-4.77142857142857,301,180,170,171,301,0,0,301,0,0,0
302,-73.8285714285714,-4.77142857142857,302,180,171,181,302,0,0,302,0,0,0
303,-85,-4.77142857142857,303,181,171,172,303,1,0,303,0,0,0
304,-2.26666666666667,-7.71111386206914,304,181,172,182,304,0,0,304,0,0,0
305,-4.53333333333333,-8.09473692885728,305,182,172,173,305,0,0,305,0,0,0
306,-6.8,-9.54285714285714,306,182,173,183,306,0,0,306,0,0,0
307,-17.9714285714286,-9.54285714285714,307,183,173,174,307,0,0,307,0,0,0
308,-29.1428571428571,-9.54285714285714,308,183,174,184,308,0,0,308,0,0,0
309,-40.3142857142857,-9.54285714285714,309,185,177,178,309,0,0,309,0,0,0
310,-51.4857142857143,-9.54285714285714,310,185,178,186,310,0,0,310,0,0,0
311,-62.6571428571429,-9.54285714285714,311,186,178,179,311,0,0,311,0,0,0
312,-73.8285714285714,-9.54285714285714,312,186,179,187,312,0,0,312,0,0,0
313,-85,-9.54285714285714,313,187,179,180,313,1,0,313,0,0,0
314,-2.26666666666667,-11.5666707931037,314,187,180,188,314,0,0,314,0,0,0
315,-4.53333333333333,-12.1421053932859,315,188,180,181,315,0,0,315,0,0,0
316,-6.8,-14.3142857142857,316,188,181,189,316,0,0,316,0,0,0
317,-17.9714285714286,-14.3142857142857,317,189,181,182,317,0,0,317,0,0,0
318,-29.1428571428571,-14.3142857142857,318,189,182,190,318,0,0,318,0,0,0
319,-40.3142857142857,-14.3142857142857,319,190,182,183,319,0,0,319,0,0,0
320,-51.4857142857143,-14.3142857142857,320,190,183,191,320,0,0,320,0,0,0
321,-62.6571428571429,-14.3142857142857,321,191,183,184,321,0,0,321,0,0,0
322,-73.8285714285714,-14.3142857142857,322,191,184,192,322,0,0,322,0,0,0
323,-85,-14.3142857142857,323,193,185,186,323,1,0,323,0,0,0
324,-2.26666666666667,-15.4222277241383,324,193,186,194,324,0,0,324,0,0,0
325,-4.53333333333333,-16.1894738577146,325,194,186,187,325,0,0,325,0,0,0
326,-6.8,-19.0857142857143,326,194,187,195,326,0,0,326,0,0,0
327,-17.9714285714286,-19.0857142857143,327,195,187,188,327,0,0,327,0,0,0
328,-29.1428571428571,-19.0857142857143,328,195,188,196,328,0,0,328,0,0,0
329,-40.3142857142857,-19.0857142857143,329,196,188,189,329,0,0,329,0,0,0
330,-51.4857142857143,-19.0857142857143,330,196,189,197,330,0,0,330,0,0,0
331,-62.6571428571429,-19.0857142857143,331,197,189,190,331,0,0,331,0,0,0
332,-73.8285714285714,-19.0857142857143,332,197,190,198,332,0,0,332,0,0,0
333,-85,-19.0857142857143,333,198,190,191,333,1,0,333,0,0,0
334,-2.26666666666667,-19.2777846551728,334,198,191,199,334,0,0,334,0,0,0
335,-4.53333333333333,-20.2368423221432,335,199,191,192,335,0,0,335,0,0,0
336,-6.8,-23.8571428571429,336,199,192,200,336,0,0,336,0,0,0
337,-17.9714285714286,-23.8571428571429,337,201,1,2,337,0,0,337,0,0,0
338,-29.1428571428571,-23.8571428571429,338,201,2,202,338,0,0,338,0,0,0
339,-40.3142857142857,-23.8571428571429,339,202,2,3,339,0,0,339,0,0,0
340,-51.4857142857143,-23.8571428571429,340,202,3,203,340,0,0,340,0,0,0
341,-62.6571428571429,-23.8571428571429,341,203,3,4,341,0,0,341,0,0,0
342,-73.8285714285714,-23.8571428571429,342,203,4,204,342,0,0,342,0,0,0
343,-85,-23.8571428571429,343,204,4,5,343,1,0,343,0,0,0
344,-2.26666666666667,-23.1333415862074,344,204,5,205,344,0,0,344,0,0,0
345,-4.53333333333333,-24.2842107865718,345,205,5,6,345,0,0,345,0,0,0
346,-6.8,-28.6285714285714,346,205,6,206,346,0,0,346,0,0,0
347,-17.9714285714286,-28.6285714285714,347,206,6,7,347,0,0,347,0,0,0
348,-29.1428571428571,-28.6285714285714,348,206,7,207,348,0,0,348,0,0,0
349,-40.3142857142857,-28.6285714285714,349,207,7,8,349,0,0,349,0,0,0
350,-51.4857142857143,-28.6285714285714,350,207,8,208,350,0,0,350,0,0,0
351,-62.6571428571429,-28.6285714285714,351,208,8,9,351,0,0,351,0,0,0
352,-73.8285714285714,-28.6285714285714,352,208,9,209,352,0,0,352,0,0,0
353,-85,-28.6285714285714,353,209,9,10,353,1,0,353,0,0,0
354,-2.26666666666667,-26.988898517242,354,209,10,210,354,0,0,354,0,0,0
355,-4.53333333333333,-28.3315792510005,355,210,10,11,355,0,0,355,0,0,0
356,-6.8,-33.4,356,210,11,211,356,0,0,356,0,0,0
357,-17.9714285714286,-33.4,357,212,201,202,357,0,0,357,0,0,0
358,-29.1428571428571,-33.4,358,212,202,213,358,0,0,358,0,0,0
359,-40.3142857142857,-33.4,359,213,202,203,359,0,0,359,0,0,0
360,-51.4857142857143,-33.4,360,213,203,214,360,0,0,360,0,0,0
361,-62.6571428571429,-33.4,361,214,203,204,361,0,0,361,0,0,0
362,-73.8285714285714,-33.4,362,214,204,215,362,0,0,362,0,0,0
363,-85,-33.4,363,215,204,205,363,1,0,363,0,0,0
364,-6.8,-41.7,364,215,205,216,364,0,0,364,0,0,0
365,-17.9714285714286,-41.7,365,216,205,206,365,0,0,365,0,0,0
366,-29.1428571428571,-41.7,366,216,206,217,366,0,0,366,0,0,0
367,-40.3142857142857,-41.7,367,217,206,207,367,0,0,367,0,0,0
368,-51.4857142857143,-41.7,368,217,207,218,368,0,0,368,0,0,0
369,-62.6571428571429,-41.7,369,218,207,208,369,0,0,369,0,0,0
370,-73.8285714285714,-41.7,370,218,208,219,370,0,0,370,0,0,0
371,-85,-41.7,371,219,208,209,371,1,0,371,0,0,0
372,-6.8,-50,372,219,209,220,372,0,0,372,0,0,0
373,-17.9714285714286,-50,373,220,209,210,373,0,0,373,0,0,0
374,-29.1428571428571,-50,374,220,210,221,374,0,0,374,0,0,0
375,-40.3142857142857,-50,375,221,210,211,375,0,0,375,0,0,0
376,-51.4857142857143,-50,376,221,211,222,376,0,0,376,0,0,0
377,-62.6571428571429,-50,377,223,212,213,377,0,0,377,0,0,0
378,-73.8285714285714,-50,378,223,213,224,378,0,0,378,0,0,0
379,-85,-50,379,224,213,214,379,1,0,379,0,0,0
0,0,0,380,224,214,225,0,0,0,0,0,0,0
0,0,0,381,225,214,215,0,0,0,0,0,0,0
0,0,0,382,225,215,226,0,0,0,0,0,0,0
0,0,0,383,226,215,216,0,0,0,0,0,0,0
0,0,0,384,226,216,227,0,0,0,0,0,0,0
0,0,0,385,227,216,217,0,0,0,0,0,0,0
0,0,0,386,227,217,228,0,0,0,0,0,0,0
0,0,0,387,228,217,218,0,0,0,0,0,0,0
0,0,0,388,228,218,229,0,0,0,0,0,0,0
0,0,0,389,229,218,219,0,0,0,0,0,0,0
0,0,0,390,229,219,230,0,0,0,0,0,0,0
0,0,0,391,230,219,220,0,0,0,0,0,0,0
0,0,0,392,230,220,231,0,0,0,0,0,0,0
0,0,0,393,231,220,221,0,0,0,0,0,0,0
0,0,0,394,231,221,232,0,0,0,0,0,0,0
0,0,0,395,232,221,222,0,0,0,0,0,0,0
0,0,0,396,232,222,233,0,0,0,0,0,0,0
0,0,0,397,234,223,224,0,0,0,0,0,0,0
0,0,0,398,234,224,235,0,0,0,0,0,0,0
0,0,0,399,235,224,225,0,0,0,0,0,0,0
0,0,0,400,235,225,236,0,0,0,0,0,0,0
0,0,0,401,236,225,226,0,0,0,0,0,0,0
0,0,0,402,236,226,237,0,0,0,0,0,0,0
0,0,0,403,237,226,227,0,0,0,0,0,0,0
0,0,0,404,237,227,238,0,0,0,0,0,0,0
0,0,0,405,238,227,228,0,0,0,0,0,0,0
0,0,0,406,238,228,239,0,0,0,0,0,0,0
0,0,0,407,239,228,229,0,0,0,0,0,0,0
0,0,0,408,239,229,240,0,0,0,0,0,0,0
0,0,0,409,240,229,230,0,0,0,0,0,0,0
0,0,0,410,240,230,241,0,0,0,0,0,0,0
0,0,0,411,241,230,231,0,0,0,0,0,0,0
0,0,0,412,241,231,242,0,0,0,0,0,0,0
0,0,0,413,242,231,232,0,0,0,0,0,0,0
0,0,0,414,242,232,243,0,0,0,0,0,0,0
0,0,0,415,243,232,233,0,0,0,0,0,0,0
0,0,0,416,243,233,244,0,0,0,0,0,0,0
0,0,0,417,245,234,235,0,0,0,0,0,0,0
0,0,0,418,245,235,246,0,0,0,0,0,0,0
0,0,0,419,246,235,236,0,0,0,0,0,0,0
0,0,0,420,246,236,247,0,0,0,0,0,0,0
0,0,0,421,247,236,237,0,0,0,0,0,0,0
0,0,0,422,247,237,248,0,0,0,0,0,0,0
0,0,0,423,248,237,238,0,0,0,0,0,0,0
0,0,0,424,248,238,249,0,0,0,0,0,0,0
0,0,0,425,249,238,239,0,0,0,0,0,0,0
0,0,0,426,249,239,250,0,0,0,0,0,0,0
0,0,0,427,250,239,240,0,0,0,0,0,0,0
0,0,0,428,250,240,251,0,0,0,0,0,0,0
0,0,0,429,251,240,241,0,0,0,0,0,0,0
0,0,0,430,251,241,252,0,0,0,0,0,0,0
0,0,0,431,252,241,242,0,0,0,0,0,0,0
0,0,0,432,252,242,253,0,0,0,0,0,0,0
0,0,0,433,253,242,243,0,0,0,0,0,0,0
0,0,0,434,253,243,254,0,0,0,0,0,0,0
0,0,0,435,254,243,244,0,0,0,0,0,0,0
0,0,0,436,254,244,255,0,0,0,0,0,0,0
0,0,0,437,256,245,246,0,0,0,0,0,0,0
0,0,0,438,256,246,257,0,0,0,0,0,0,0
0,0,0,439,257,246,247,0,0,0,0,0,0,0
0,0,0,440,257,247,258,0,0,0,0,0,0,0
0,0,0,441,258,247,248,0,0,0,0,0,0,0
0,0,0,442,258,248,259,0,0,0,0,0,0,0
0,0,0,443,259,248,249,0,0,0,0,0,0,0
0,0,0,444,259,249,260,0,0,0,0,0,0,0
0,0,0,445,260,249,250,0,0,0,0,0,0,0
0,0,0,446,260,250,261,0,0,0,0,0,0,0
0,0,0,447,261,250,251,0,0,0,0,0,0,0
0,0,0,448,261,251,262,0,0,0,0,0,0,0
0,0,0,449,262,251,252,0,0,0,0,0,0,0
0,0,0,450,262,252,263,0,0,0,0,0,0,0
0,0,0,451,263,252,253,0,0,0,0,0,0,0
0,0,0,452,263,253,264,0,0,0,0,0,0,0
0,0,0,453,264,253,254,0,0,0,0,0,0,0
0,0,0,454,264,254,265,0,0,0,0,0,0,0
0,0,0,455,265,254,255,0,0,0,0,0,0,0
0,0,0,456,265,255,266,0,0,0,0,0,0,0
0,0,0,457,267,256,257,0,0,0,0,0,0,0
0,0,0,458,267,257,268,0,0,0,0,0,0,0
0,0,0,459,268,257,258,0,0,0,0,0,0,0
0,0,0,460,268,258,269,0,0,0,0,0,0,0
0,0,0,461,269,258,259,0,0,0,0,0,0,0
0,0,0,462,269,259,270,0,0,0,0,0,0,0
0,0,0,463,270,259,260,0,0,0,0,0,0,0
0,0,0,464,270,260,271,0,0,0,0,0,0,0
0,0,0,465,271,260,261,0,0,0,0,0,0,0
0,0,0,466,271,261,272,0,0,0,0,0,0,0
0,0,0,467,272,261,262,0,0,0,0,0,0,0
0,0,0,468,272,262,273,0,0,0,0,0,0,0
0,0,0,469,273,262,263,0,0,0,0,0,0,0
0,0,0,470,273,263,274,0,0,0,0,0,0,0
0,0,0,471,274,263,264,0,0,0,0,0,0,0
0,0,0,472,274,264,275,0,0,0,0,0,0,0
0,0,0,473,275,264,265,0,0,0,0,0,0,0
0,0,0,474,275,265,276,0,0,0,0,0,0,0
0,0,0,475,276,265,266,0,0,0,0,0,0,0
0,0,0,476,276,266,277,0,0,0,0,0,0,0
0,0,0,477,278,270,271,0,0,0,0,0,0,0
0,0,0,478,278,271,279,0,0,0,0,0,0,0
0,0,0,479,279,271,272,0,0,0,0,0,0,0
0,0,0,480,279,272,280,0,0,0,0,0,0,0
0,0,0,481,280,272,273,0,0,0,0,0,0,0
0,0,0,482,280,273,281,0,0,0,0,0,0,0
0,0,0,483,281,273,274,0,0,0,0,0,0,0
0,0,0,484,281,274,282,0,0,0,0,0,0,0
0,0,0,485,282,274,275,0,0,0,0,0,0,0
0,0,0,486,282,275,283,0,0,0,0,0,0,0
0,0,0,487,283,275,276,0,0,0,0,0,0,0
0,0,0,488,283,276,284,0,0,0,0,0,0,0
0,0,0,489,284,276,277,0,0,0,0,0,0,0
0,0,0,490,284,277,285,0,0,0,0,0,0,0
0,0,0,491,286,278,279,0,0,0,0,0,0,0
0,0,0,492,286,279,287,0,0,0,0,0,0,0
0,0,0,493,287,279,280,0,0,0,0,0,0,0
0,0,0,494,287,280,288,0,0,0,0,0,0,0
0,0,0,495,288,280,281,0,0,0,0,0,0,0
0,0,0,496,288,281,289,0,0,0,0,0,0,0
0,0,0,497,289,281,282,0,0,0,0,0,0,0
0,0,0,498,289,282,290,0,0,0,0,0,0,0
0,0,0,499,290,282,283,0,0,0,0,0,0,0
0,0,0,500,290,283,291,0,0,0,0,0,0,0
0,0,0,501,291,283,284,0,0,0,0,0,0,0
0,0,0,502,291,284,292,0,0,0,0,0,0,0
0,0,0,503,292,284,285,0,0,0,0,0,0,0
0,0,0,504,292,285,293,0,0,0,0,0,0,0
0,0,0,505,105,201,1,0,0,0,0,0,0,0
0,0,0,506,294,201,105,0,0,0,0,0,0,0
0,0,0,507,106,294,105,0,0,0,0,0,0,0
0,0,0,508,295,294,106,0,0,0,0,0,0,0
0,0,0,509,107,295,106,0,0,0,0,0,0,0
0,0,0,510,296,295,107,0,0,0,0,0,0,0
0,0,0,511,108,296,107,0,0,0,0,0,0,0
0,0,0,512,297,296,108,0,0,0,0,0,0,0
0,0,0,513,109,297,108,0,0,0,0,0,0,0
0,0,0,514,298,297,109,0,0,0,0,0,0,0
0,0,0,515,110,298,109,0,0,0,0,0,0,0
0,0,0,516,299,298,110,0,0,0,0,0,0,0
0,0,0,517,111,299,110,0,0,0,0,0,0,0
0,0,0,518,300,299,111,0,0,0,0,0,0,0
0,0,0,519,112,300,111,0,0,0,0,0,0,0
0,0,0,520,301,300,112,0,0,0,0,0,0,0
0,0,0,521,113,301,112,0,0,0,0,0,0,0
0,0,0,522,302,301,113,0,0,0,0,0,0,0
0,0,0,523,114,302,113,0,0,0,0,0,0,0
0,0,0,524,303,302,114,0,0,0,0,0,0,0
0,0,0,525,294,212,201,0,0,0,0,0,0,0
0,0,0,526,304,212,294,0,0,0,0,0,0,0
0,0,0,527,295,304,294,0,0,0,0,0,0,0
0,0,0,528,305,304,295,0,0,0,0,0,0,0
0,0,0,529,296,305,295,0,0,0,0,0,0,0
0,0,0,530,306,305,296,0,0,0,0,0,0,0
0,0,0,531,297,306,296,0,0,0,0,0,0,0
0,0,0,532,307,306,297,0,0,0,0,0,0,0
0,0,0,533,298,307,297,0,0,0,0,0,0,0
0,0,0,534,308,307,298,0,0,0,0,0,0,0
0,0,0,535,299,308,298,0,0,0,0,0,0,0
0,0,0,536,309,308,299,0,0,0,0,0,0,0
0,0,0,537,300,309,299,0,0,0,0,0,0,0
0,0,0,538,310,309,300,0,0,0,0,0,0,0
0,0,0,539,301,310,300,0,0,0,0,0,0,0
0,0,0,540,311,310,301,0,0,0,0,0,0,0
0,0,0,541,302,311,301,0,0,0,0,0,0,0
0,0,0,542,312,311,302,0,0,0,0,0,0,0
0,0,0,543,303,312,302,0,0,0,0,0,0,0
0,0,0,544,313,312,303,0,0,0,0,0,0,0
0,0,0,545,304,223,212,0,0,0,0,0,0,0
0,0,0,546,314,223,304,0,0,0,0,0,0,0
0,0,0,547,305,314,304,0,0,0,0,0,0,0
0,0,0,548,315,314,305,0,0,0,0,0,0,0
0,0,0,549,306,315,305,0,0,0,0,0,0,0
0,0,0,550,316,315,306,0,0,0,0,0,0,0
0,0,0,551,307,316,306,0,0,0,0,0,0,0
0,0,0,552,317,316,307,0,0,0,0,0,0,0
0,0,0,553,308,317,307,0,0,0,0,0,0,0
0,0,0,554,318,317,308,0,0,0,0,0,0,0
0,0,0,555,309,318,308,0,0,0,0,0,0,0
0,0,0,556,319,318,309,0,0,0,0,0,0,0
0,0,0,557,310,319,309,0,0,0,0,0,0,0
0,0,0,558,320,319,310,0,0,0,0,0,0,0
0,0,0,559,311,320,310,0,0,0,0,0,0,0
0,0,0,560,321,320,311,0,0,0,0,0,0,0
0,0,0,561,312,321,311,0,0,0,0,0,0,0
0,0,0,562,322,321,312,0,0,0,0,0,0,0
0,0,0,563,313,322,312,0,0,0,0,0,0,0
0,0,0,564,323,322,313,0,0,0,0,0,0,0
0,0,0,565,314,234,223,0,0,0,0,0,0,0
0,0,0,566,324,234,314,0,0,0,0,0,0,0
0,0,0,567,315,324,314,0,0,0,0,0,0,0
0,0,0,568,325,324,315,0,0,0,0,0,0,0
0,0,0,569,316,325,315,0,0,0,0,0,0,0
0,0,0,570,326,325,316,0,0,0,0,0,0,0
0,0,0,571,317,326,316,0,0,0,0,0,0,0
0,0,0,572,327,326,317,0,0,0,0,0,0,0
0,0,0,573,318,327,317,0,0,0,0,0,0,0
0,0,0,574,328,327,318,0,0,0,0,0,0,0
0,0,0,575,319,328,318,0,0,0,0,0,0,0
0,0,0,576,329,328,319,0,0,0,0,0,0,0
0,0,0,577,320,329,319,0,0,0,0,0,0,0
0,0,0,578,330,329,320,0,0,0,0,0,0,0
0,0,0,579,321,330,320,0,0,0,0,0,0,0
0,0,0,580,331,330,321,0,0,0,0,0,0,0
0,0,0,581,322,331,321,0,0,0,0,0,0,0
0,0,0,582,332,331,322,0,0,0,0,0,0,0
0,0,0,583,323,332,322,0,0,0,0,0,0,0
0,0,0,584,333,332,323,0,0,0,0,0,0,0
0,0,0,585,324,245,234,0,0,0,0,0,0,0
0,0,0,586,334,245,324,0,0,0,0,0,0,0
0,0,0,587,325,334,324,0,0,0,0,0,0,0
0,0,0,588,335,334,325,0,0,0,0,0,0,0
0,0,0,589,326,335,325,0,0,0,0,0,0,0
0,0,0,590,336,335,326,0,0,0,0,0,0,0
0,0,0,591,327,336,326,0,0,0,0,0,0,0
0,0,0,592,337,336,327,0,0,0,0,0,0,0
0,0,0,593,328,337,327,0,0,0,0,0,0,0
0,0,0,594,338,337,328,0,0,0,0,0,0,0
0,0,0,595,329,338,328,0,0,0,0,0,0,0
0,0,0,596,339,338,329,0,0,0,0,0,0,0
0,0,0,597,330,339,329,0,0,0,0,0,0,0
0,0,0,598,340,339,330,0,0,0,0,0,0,0
0,0,0,599,331,340,330,0,0,0,0,0,0,0
0,0,0,600,341,340,331,0,0,0,0,0,0,0
0,0,0,601,332,341,331,0,0,0,0,0,0,0
0,0,0,602,342,341,332,0,0,0,0,0,0,0
0,0,0,603,333,342,332,0,0,0,0,0,0,0
0,0,0,604,343,342,333,0,0,0,0,0,0,0
0,0,0,605,334,256,245,0,0,0,0,0,0,0
0,0,0,606,344,256,334,0,0,0,0,0,0,0
0,0,0,607,335,344,334,0,0,0,0,0,0,0
0,0,0,608,345,344,335,0,0,0,0,0,0,0
0,0,0,609,336,345,335,0,0,0,0,0,0,0
0,0,0,610,346,345,336,0,0,0,0,0,0,0
0,0,0,611,337,346,336,0,0,0,0,0,0,0
0,0,0,612,347,346,337,0,0,0,0,0,0,0
0,0,0,613,338,347,337,0,0,0,0,0,0,0
0,0,0,614,348,347,338,0,0,0,0,0,0,0
0,0,0,615,339,348,338,0,0,0,0,0,0,0
0,0,0,616,349,348,339,0,0,0,0,0,0,0
0,0,0,617,340,349,339,0,0,0,0,0,0,0
0,0,0,618,350,349,340,0,0,0,0,0,0,0
0,0,0,619,341,350,340,0,0,0,0,0,0,0
0,0,0,620,351,350,341,0,0,0,0,0,0,0
0,0,0,621,342,351,341,0,0,0,0,0,0,0
0,0,0,622,352,351,342,0,0,0,0,0,0,0
0,0,0,623,343,352,342,0,0,0,0,0,0,0
0,0,0,624,353,352,343,0,0,0,0,0,0,0
0,0,0,625,344,267,256,0,0,0,0,0,0,0
0,0,0,626,354,267,344,0,0,0,0,0,0,0
0,0,0,627,345,354,344,0,0,0,0,0,0,0
0,0,0,628,355,354,345,0,0,0,0,0,0,0
0,0,0,629,346,355,345,0,0,0,0,0,0,0
0,0,0,630,356,355,346,0,0,0,0,0,0,0
0,0,0,631,347,356,346,0,0,0,0,0,0,0
0,0,0,632,357,356,347,0,0,0,0,0,0,0
0,0,0,633,348,357,347,0,0,0,0,0,0,0
0,0,0,634,358,357,348,0,0,0,0,0,0,0
0,0,0,635,349,358,348,0,0,0,0,0,0,0
0,0,0,636,359,358,349,0,0,0,0,0,0,0
0,0,0,637,350,359,349,0,0,0,0,0,0,0
0,0,0,638,360,359,350,0,0,0,0,0,0,0
0,0,0,639,351,360,350,0,0,0,0,0,0,0
0,0,0,640,361,360,351,0,0,0,0,0,0,0
0,0,0,641,352,361,351,0,0,0,0,0,0,0
0,0,0,642,362,361,352,0,0,0,0,0,0,0
0,0,0,643,353,362,352,0,0,0,0,0,0,0
0,0,0,644,363,362,353,0,0,0,0,0,0,0
0,0,0,645,357,364,356,0,0,0,0,0,0,0
0,0,0,646,365,364,357,0,0,0,0,0,0,0
0,0,0,647,358,365,357,0,0,0,0,0,0,0
0,0,0,648,366,365,358,0,0,0,0,0,0,0
0,0,0,649,359,366,358,0,0,0,0,0,0,0
0,0,0,650,367,366,359,0,0,0,0,0,0,0
0,0,0,651,360,367,359,0,0,0,0,0,0,0
0,0,0,652,368,367,360,0,0,0,0,0,0,0
0,0,0,653,361,368,360,0,0,0,0,0,0,0
0,0,0,654,369,368,361,0,0,0,0,0,0,0
0,0,0,655,362,369,361,0,0,0,0,0,0,0
0,0,0,656,370,369,362,0,0,0,0,0,0,0
0,0,0,657,363,370,362,0,0,0,0,0,0,0
0,0,0,658,371,370,363,0,0,0,0,0,0,0
0,0,0,659,365,372,364,0,0,0,0,0,0,0
0,0,0,660,373,372,365,0,0,0,0,0,0,0
0,0,0,661,366,373,365,0,0,0,0,0,0,0
0,0,0,662,374,373,366,0,0,0,0,0,0,0
0,0,0,663,367,374,366,0,0,0,0,0,0,0
0,0,0,664,375,374,367,0,0,0,0,0,0,0
0,0,0,665,368,375,367,0,0,0,0,0,0,0
0,0,0,666,376,375,368,0,0,0,0,0,0,0
0,0,0,667,369,376,368,0,0,0,0,0,0,0
0,0,0,668,377,376,369,0,0,0,0,0,0,0
0,0,0,669,370,377,369,0,0,0,0,0,0,0
0,0,0,670,378,377,370,0,0,0,0,0,0,0
0,0,0,671,371,378,370,0,0,0,0,0,0,0
0,0,0,672,379,378,371,0,0,0,0,0,0,0
